56
98
88
47
-72
-6
-96
-46
-10
6
-25
-69
-19
43
91
62
53
57
-11
-42
97
-97
19
81
-2
-18
-94
23
30
60
29
-36
55
-85
33
31
-79
22
74
-14
14
54
-74
-63
-90
-78
-39
27
-12
-58
20
1
-56
77
-82
-98
-73
13
89
-5
-8
-91
-20
78
75
-9
-71
95
10
-53
-59
48
46
-32
-26
-62
-84
-21
65
-86
-28
37
83
-33
76
99
-49
11
-22
26
18
-31
-52
-41
86
-16
7
82
73
85
-45
32
71
68
-51
-64
-75
52
-44
-70
58
-87
41
-35
93
5
9
15
87
-55
-47
-99
-80
39
-66
63
-88
42
17
-48
34
-89
24
-30
-40
-92
69
84
-4
-34
-13
21
-100
96
-37
28
-27
64
-54
-57
51
61
67
-65
-23
-95
8
16
25
-3
0
-67
4
49
-77
-1
50
12
-81
2
-17
72
3
44
-76
45
-61
-24
-7
-29
92
-60
-50
94
66
38
-15
80
-43
90
79
-83
-93
40
36
-38
-68
59
35
70
