963
-124
254
112
-916
-574
-96
-838
-140
235
899
-214
-189
-22
21
433
52
-980
493
581
134
-793
-156
730
-625
-569
121
-389
-321
573
-675
89
476
744
-209
-528
-113
-811
-244
-790
651
545
140
-31
-833
362
-768
347
-857
925
-937
-602
-373
731
880
562
-504
-556
361
-158
-507
-77
-412
-709
-850
558
162
220
855
-914
-525
-444
-762
-97
438
637
-943
-317
-705
723
-499
396
-953
-243
-283
-880
191
-162
546
-170
431
591
-201
664
627
292
-842
-228
278
772
947
-393
-774
-204
-770
-649
-12
-297
132
-481
378
380
-691
769
250
-821
441
-193
351
798
777
261
788
-264
296
499
735
-467
205
778
294
-920
180
-568
-88
-738
164
100
-776
980
15
641
463
270
249
-333
68
-630
642
446
823
151
154
-825
612
-751
-722
756
210
645
-305
123
2
-241
-570
-173
-324
-262
862
482
-721
686
-703
174
774
-261
526
-826
528
-17
449
-506
-908
-777
-681
-690
262
-267
-689
-898
-758
223
403
277
-127
-750
-278
-449
-585
-869
763
-659
-698
-392
626
-959
321
729
-972
352
-143
-23
214
61
12
183
161
-220
999
-808
226
113
-540
55
-416
96
-330
-207
-6
125
831
958
430
-867
190
610
421
-680
-460
-311
517
-837
479
895
693
962
-28
-465
-656
544
334
137
-81
-756
306
-152
-370
-276
-736
-922
-784
-247
426
159
252
153
-334
-93
-498
365
-847
401
739
596
199
432
386
948
-511
-513
-896
-1
982
-571
890
-273
366
-165
977
791
115
-188
-309
-665
333
20
-801
442
-531
-144
-14
811
782
-783
-385
794
-236
255
-623
-868
801
60
200
-792
85
-154
850
633
-925
719
594
-791
-781
110
950
893
304
279
713
369
458
981
-955
3
207
886
-104
592
-533
-222
349
-456
-702
-885
668
64
158
-921
584
-803
-763
758
-746
-86
-592
-977
-306
523
-600
-545
683
-493
-993
630
872
-897
-843
-895
-871
859
-266
789
-492
8
-19
-969
-176
497
671
-319
-155
902
35
-539
864
892
-424
-647
-356
680
-946
-726
-899
828
341
-257
-907
383
-494
-299
803
-644
648
-584
-859
-575
-353
75
-502
-166
-832
563
560
-316
83
-872
286
79
-788
-149
-734
-995
-239
-514
-796
353
513
858
-422
488
870
146
912
935
-929
138
-68
-846
193
-41
-589
640
-572
-769
677
-362
874
-32
-599
750
720
-325
170
697
-246
-733
867
964
339
87
-107
-180
335
-150
665
-139
67
342
632
-887
973
-535
647
-755
66
-982
695
-865
940
601
136
324
-934
271
715
-406
516
-611
-663
783
59
550
-961
263
609
-382
707
-536
188
18
357
916
-343
551
-423
56
-557
-352
-860
-282
-660
-648
540
-670
614
-130
-101
318
-764
-737
701
-510
847
297
753
-310
917
317
928
-359
302
-288
-91
468
699
-71
942
-475
-641
-217
337
675
-285
198
29
-411
-202
156
635
-249
-349
-785
-233
-254
871
359
-253
-480
91
998
-472
549
-457
-462
358
-386
-251
897
63
771
991
-418
-429
-812
-676
599
-206
379
718
-248
561
218
519
-682
-693
-789
-177
-775
-881
583
826
-714
338
-798
-601
-114
-421
-917
503
625
350
-983
-304
-425
-30
142
-56
-434
-432
669
-40
790
-223
543
-446
-234
978
417
310
990
-988
181
-237
-658
-132
736
-893
-605
921
-820
907
-108
72
-918
708
909
-284
792
-727
-771
-810
152
185
51
-954
502
28
959
-909
266
289
420
-657
658
-133
-279
-952
-815
-355
-329
712
866
-482
-561
-876
510
-221
-951
839
-364
-409
628
-61
924
427
-760
-741
984
43
-548
-752
-900
-635
636
-34
-136
541
-410
-942
821
213
608
547
844
-37
179
-712
-82
-550
646
-44
727
305
534
-538
-3
399
219
-2
-118
-52
-678
-347
-13
-757
-609
9
652
644
709
511
-413
-933
-171
-595
906
-719
340
-668
832
-700
-435
-695
-638
-351
-564
-728
-437
-58
343
-650
-238
402
-965
-786
-814
827
284
485
863
-566
738
-60
-624
759
-367
-137
-544
679
-27
743
-270
-399
-103
566
173
-930
62
676
824
796
-534
-87
-684
845
237
582
-442
-701
559
187
209
889
400
533
-527
31
617
240
-72
659
-813
901
881
797
957
-394
-975
477
-138
-604
569
518
-391
618
-747
-677
328
-948
-910
126
969
330
673
-512
415
-7
428
247
861
-4
-231
466
589
-318
-98
-866
835
-439
-706
-759
93
246
-919
-1000
-250
217
105
595
311
684
-289
-280
478
-450
760
568
979
-522
757
-9
-174
-883
429
-275
-168
-376
-332
655
-583
-164
-662
-260
-341
765
682
960
868
586
945
-967
-970
660
-861
766
73
368
613
-744
-117
-616
-981
355
-710
216
931
345
-298
32
107
196
382
-923
706
-490
-134
300
667
525
-805
-928
228
-947
-187
-671
381
245
937
590
-315
884
-327
258
367
-195
475
184
408
-516
-20
-994
-526
-396
-537
740
-835
49
423
795
666
471
-322
-358
-708
-451
-779
274
-787
953
-588
-185
846
869
721
-986
160
-99
748
-245
-445
-407
-551
-742
409
-326
-453
-357
48
-163
-70
-125
786
-105
104
-862
70
-62
316
-963
951
-181
-940
-129
-956
139
-497
691
703
-576
643
802
251
-286
-912
-696
165
-447
552
-894
-892
-704
922
-463
-458
248
-716
-360
-802
212
-870
505
172
-945
746
-371
809
-229
-627
941
-400
837
-674
-999
737
259
-338
-529
-495
-110
531
-36
548
-272
-464
287
384
-486
-903
-672
-184
840
600
876
-200
-454
336
878
-183
-823
966
-483
14
-950
-274
910
816
-978
967
-905
489
943
-131
-874
-314
-479
-328
257
94
515
169
834
150
-831
932
264
933
-50
197
-718
-924
-591
-989
688
-603
84
269
-59
17
714
106
-361
877
273
-225
784
149
-694
95
397
-473
602
578
-459
742
761
939
976
690
131
109
-178
553
-555
-190
-621
-632
-731
346
623
-878
-884
974
-643
-573
913
944
830
0
565
929
176
-430
19
-724
222
86
-339
-436
-581
-559
-699
332
-642
-579
-85
370
-720
585
-192
-855
662
-582
236
-773
-628
572
538
-941
904
472
233
498
456
411
-976
988
557
45
124
704
-520
494
470
-471
-415
-723
-800
329
734
-523
435
787
854
-973
580
514
166
-587
-470
-263
-799
-73
764
495
-259
-713
376
852
-102
-489
-517
393
389
375
-664
-565
398
-335
905
654
-542
-610
326
238
-487
588
-634
918
-839
-563
649
833
103
-146
955
-141
-55
-840
480
968
-89
851
231
30
-957
390
-637
-43
6
992
-35
-194
-761
681
-179
371
-269
-666
-521
-990
-363
-292
616
-732
78
-100
919
986
120
-834
-169
-323
99
-966
-350
532
745
-290
344
-567
-345
-94
-320
938
-293
80
410
392
946
424
171
781
-687
-968
46
-377
-854
-532
-686
-547
444
621
-469
-26
201
-210
661
-935
-66
447
492
-669
327
674
-199
-836
-944
-508
-106
241
934
-818
-518
157
920
13
838
-160
-256
-906
-617
733
88
768
167
-122
307
-308
-167
404
208
-38
-640
-541
-161
579
-428
-64
-90
-255
-277
-336
-205
639
-368
-767
631
148
900
696
908
372
-998
776
817
-688
-369
-503
-331
717
-18
687
-281
-433
-213
-645
-74
182
119
936
-151
-622
504
567
896
192
298
-11
204
-501
-590
-123
-54
457
-795
414
-388
155
-984
232
-95
975
-57
215
53
622
815
455
-366
-618
755
-232
-78
364
-337
133
883
-964
535
202
-63
-215
996
-725
-735
952
-654
-211
377
-268
605
508
689
-10
-383
-112
767
36
-186
-683
-218
434
997
-476
285
-711
-448
800
564
983
501
496
-291
-303
490
-962
536
-873
-778
314
873
363
-477
-888
542
911
762
195
-938
813
-51
320
-848
620
454
-431
-549
891
-33
-562
460
961
-92
256
-553
-931
930
825
-443
-379
71
-461
-639
849
54
-408
810
-753
244
500
325
-145
-227
-474
203
972
-29
422
879
-926
663
634
-135
-817
225
741
-69
-419
1
678
-121
-307
898
522
524
527
82
-932
685
260
-485
-546
-915
-109
50
539
-116
732
537
242
-505
927
276
615
653
16
116
-754
882
-824
-606
354
-830
130
-849
-405
-42
-484
965
-402
469
177
-496
288
211
-822
-313
301
-258
69
-852
416
129
818
-212
-729
-949
-208
575
23
-577
577
-530
-300
147
-417
10
440
-631
-597
-478
-804
-294
41
-375
464
450
356
749
807
76
-626
141
770
-809
-468
47
253
970
57
843
189
956
-491
-629
692
-15
-48
-295
-153
603
178
-76
-271
-524
-401
672
842
299
629
711
598
-552
812
412
487
108
-901
74
309
521
-580
295
-384
530
-348
702
-372
92
860
-651
775
-578
-427
-235
-126
993
227
-182
554
-863
593
-673
-636
268
-913
-148
145
117
-971
-615
-65
322
443
555
168
836
467
11
571
407
-608
452
323
607
657
44
780
-653
280
-8
175
-381
773
-765
710
474
439
-927
283
118
-455
-633
243
-845
-979
-614
-864
144
887
-301
-939
-45
-958
395
406
-879
405
-441
-242
-404
-816
-390
638
-745
779
-46
-715
-844
234
987
-560
26
-84
127
856
-230
221
-500
-47
-380
331
481
-519
-157
374
453
22
418
-287
-344
819
752
-440
27
-594
-466
-749
-827
-974
-340
-354
556
-226
-806
267
619
705
-216
606
529
716
806
726
903
793
114
-403
576
-342
-911
-5
926
587
-395
694
461
-252
229
462
747
98
820
473
-739
-619
230
275
-829
-772
-80
914
-886
425
385
282
-438
670
808
484
-891
-312
239
-655
25
-882
272
814
436
-79
-646
5
224
-191
486
-661
101
915
128
994
-426
-987
-75
90
751
-558
-782
-16
853
574
-197
-890
865
-175
135
-613
-936
394
312
-851
-115
-452
-991
785
-49
949
-697
-807
857
570
985
-378
-960
163
-794
923
-667
-692
-904
-387
-856
-420
995
-620
-780
-740
-488
313
-302
-902
-365
437
315
-196
448
-24
97
700
348
728
293
265
875
799
42
-554
65
-858
650
387
102
4
-219
-985
77
7
-612
971
24
506
388
-172
-397
-414
-296
-730
989
37
-707
656
-53
-828
611
281
40
291
-877
725
894
-685
-652
-889
-346
885
597
520
303
888
805
-142
698
-607
954
-159
33
509
-509
-996
507
-997
-120
-128
206
-819
360
34
459
-374
-743
-21
413
491
-67
-240
-992
-797
373
-853
-83
724
58
722
81
391
512
111
290
483
465
-147
122
308
-766
-875
38
-598
624
194
-748
-515
186
841
445
143
-39
-111
-841
-679
804
-224
822
-198
-717
604
754
419
848
-119
-593
-265
829
39
451
-596
-586
-203
319
-543
-25
-398
