-58
-67
67
14
50
-57
-89
94
63
44
-8
-5
-31
-10
51
70
8
-23
30
-60
-18
62
-6
78
49
-49
-14
-45
77
84
-73
19
-2
-63
-93
-26
-17
23
6
-86
72
-15
85
80
52
-72
-84
-51
43
25
-54
-46
83
98
56
15
-53
-28
-88
-75
-55
24
-41
-34
35
65
32
-24
29
99
86
-62
60
-42
4
31
-77
27
34
-37
-39
-19
-20
47
74
69
36
-79
93
-36
-98
95
91
-68
87
-76
-40
-44
-96
-22
-69
-3
-90
58
57
-13
82
7
-65
55
-1
-80
-97
-21
92
79
96
45
-27
81
-81
-52
26
0
1
-70
-85
10
61
-59
21
-74
-99
41
76
39
-94
-50
-100
-16
-82
90
28
54
3
-78
-7
-87
-91
2
17
33
46
-47
-61
18
-9
59
-48
75
-64
-35
-11
73
71
-95
-12
22
53
-32
89
5
38
66
97
48
-56
11
88
42
-29
-25
20
-33
40
64
-38
-71
9
-30
12
-83
37
-66
68
-92
-4
13
-43
16
