-147
229
189
156
-179
-98
54
-41
-122
-182
212
152
153
89
-30
-243
247
157
-187
51
-27
-246
78
-245
-111
-105
120
245
-55
232
-160
190
239
139
186
-222
183
182
-228
155
-155
176
-31
40
102
-67
-200
187
-34
144
114
-185
16
-109
244
72
36
-205
4
-68
135
199
43
-136
-145
-32
-170
149
210
-57
-133
-195
-38
134
70
-35
181
-29
-96
132
222
-197
-143
63
-21
168
-139
207
94
236
103
-142
6
-121
-91
-83
-204
213
24
-220
-196
174
113
-118
-163
52
-239
138
33
203
224
-1
209
137
-7
214
-24
-74
75
87
107
128
165
246
-124
112
230
-45
170
163
-128
74
-10
-223
99
-221
-46
-60
-126
-237
146
-226
237
-129
90
234
53
45
-225
29
159
143
-66
-63
69
129
118
55
-242
-173
-249
105
-250
223
82
-127
-144
-216
240
73
-138
20
-192
-75
-37
-8
-78
-134
136
71
-6
-61
56
216
25
-211
-4
106
50
61
-218
-188
-56
49
-181
194
-53
-22
42
95
27
-43
57
158
133
-123
-54
-158
21
-85
-214
175
17
77
-103
-190
-5
-203
-229
-137
-17
-87
125
-153
180
-102
-164
-167
-174
-156
-42
-206
-208
109
-70
127
59
-95
-236
48
200
117
-106
97
-149
173
30
-151
-89
154
92
83
221
-219
195
-148
-191
191
243
164
7
-47
-234
47
-248
32
-113
-28
167
123
62
178
-119
197
18
19
-172
14
-209
-107
-169
-79
65
231
1
-217
-9
171
-240
-125
148
233
-100
-12
2
-112
31
-140
-84
211
5
131
66
226
34
-59
-33
208
-194
-235
249
44
162
-186
-117
185
-92
-120
225
-202
141
-146
-39
-193
-232
-14
81
215
-247
23
11
193
-52
-81
-71
108
64
140
122
-90
-58
196
-19
-238
-26
-20
93
160
-51
-189
-152
88
-201
104
248
-210
-69
-150
-231
28
150
-25
-154
-233
68
-50
-77
38
177
-62
-175
-198
-88
-36
-171
84
-162
-11
-227
-183
46
217
-141
-64
-115
96
58
-108
12
205
115
235
-180
26
-93
80
-23
41
-80
76
121
-2
-157
-99
-161
-18
206
37
184
110
-86
142
-132
145
-166
172
101
-44
-40
238
169
-212
98
220
-116
-176
13
-130
-114
86
116
-16
-159
151
79
-3
9
202
-131
-165
100
228
-168
227
-15
-97
130
218
-49
147
15
-184
-110
22
0
39
8
-215
-65
-199
204
-72
179
198
-241
-135
-213
10
-224
-177
85
188
242
-104
-230
91
166
-94
161
-76
3
-178
-73
111
-48
-101
-82
119
241
67
60
124
192
35
126
201
219
-207
-13
-244
