31
-429
-198
488
-385
129
-307
222
-256
-228
-297
340
44
349
-190
-60
95
-112
391
303
-276
140
-419
-7
485
-379
257
-326
383
-92
130
22
208
-413
-407
1
-325
-414
466
276
-76
21
-412
-43
158
207
-191
-141
231
-223
-160
29
-349
-209
198
187
-224
39
164
-386
-89
-249
269
374
69
-356
432
-63
334
304
441
56
-236
375
-411
-261
-27
-254
-435
-410
290
-138
12
498
449
-174
-374
-449
28
477
184
458
-16
-167
160
-245
-25
-394
-406
-238
64
-243
-75
-438
114
-242
52
215
376
-54
58
-290
470
469
249
-179
-332
277
235
-79
-471
228
122
-461
366
-450
89
15
194
247
-222
-492
285
481
-136
402
-185
225
451
169
40
-229
-193
450
-180
-84
-404
-393
-149
288
-237
-109
-433
-468
238
313
-489
-239
370
134
-421
-36
-289
-147
192
344
-122
-328
-268
289
-115
-388
-333
-127
-424
-210
-47
86
254
401
397
-478
410
439
229
-311
265
-293
-214
-431
341
-306
-100
-35
-118
398
-44
293
-401
-196
-463
-50
494
486
-498
-398
-359
-217
-169
-96
-202
133
422
236
430
-116
-363
-316
497
467
484
-266
137
85
-171
-303
94
157
252
-105
-305
233
-203
-308
-178
96
-139
-400
43
259
57
-352
489
-110
-362
438
312
24
101
-3
-301
63
323
170
-387
155
333
251
-247
-117
381
-98
144
-296
-183
359
223
280
-37
411
384
-259
347
404
-107
-451
-302
396
143
373
37
-331
-2
330
328
60
33
-124
36
283
-443
124
-299
232
-130
-62
-142
287
120
-205
388
-252
-211
-154
-281
245
-216
49
-49
282
-480
408
380
76
182
-19
-427
-342
45
82
-423
-378
343
-457
-241
356
221
284
-472
427
-78
-31
-77
73
262
267
-437
246
150
38
-157
-131
-270
-104
-158
-310
-67
400
-455
103
-72
-250
-186
-6
407
-134
50
-69
-430
379
405
364
-377
-318
-13
-90
261
111
335
292
-28
264
-68
-262
107
-314
-74
152
-265
-137
412
-467
-490
-418
-175
199
-51
-146
395
-486
-23
88
-200
-133
186
112
418
70
342
406
-48
-208
-38
-432
13
154
337
-304
361
-360
115
-280
452
156
-170
-45
-258
-10
7
34
-295
-221
-441
-220
421
-140
97
176
46
219
-269
294
141
226
369
-15
68
350
-390
-338
20
-375
474
-329
473
-275
-335
319
-425
360
-192
279
113
148
414
127
203
496
-469
239
179
311
-383
3
171
109
-376
286
185
90
309
-263
142
324
191
-283
-284
-97
372
-227
30
210
436
-497
92
-230
-408
-291
-470
175
-319
419
126
-287
105
-355
-446
-257
444
-26
-119
-271
-476
-384
80
-485
358
-343
393
463
-321
305
357
108
-366
-207
386
-143
35
-370
255
440
-462
-373
-95
-188
-42
204
390
27
234
-151
214
-161
-206
135
299
310
-491
-405
-368
200
263
106
-399
-357
459
-371
-126
-484
-163
118
183
-9
-298
-348
368
-278
355
362
363
415
241
-152
-340
220
-494
74
329
-8
-416
-465
61
-189
424
-464
-231
-177
413
-382
-103
-488
66
426
472
-436
-323
110
-500
165
271
41
-168
-475
297
457
352
-20
-24
25
-456
-70
-14
-184
-153
11
-22
205
-381
-286
-187
-213
308
-251
480
-125
-91
-351
403
-372
-483
339
178
-34
434
260
-166
-309
166
18
479
-391
84
-452
332
91
174
-5
9
161
125
201
-473
273
-322
-415
-479
93
32
-336
315
253
-279
345
338
-248
325
-66
-380
336
483
-111
-334
-59
-173
-417
-113
454
-30
-17
-341
8
151
-234
-120
116
301
471
79
-448
-4
-364
-204
240
-420
-300
-361
-434
394
243
-458
278
162
-71
-55
-156
-442
354
453
-40
482
-292
181
298
237
-61
-324
-353
-144
65
-114
-52
318
-101
-272
87
314
-212
17
-358
382
-182
180
423
26
-225
387
-82
128
-395
-312
-87
-459
302
193
4
-46
270
322
-445
211
202
425
399
-94
47
317
460
123
428
-99
55
-246
-145
256
462
-65
-337
307
495
-1
-129
-128
-108
-487
476
443
-392
132
-57
272
216
491
104
159
217
295
499
250
-233
-32
306
102
227
461
218
-440
385
149
-396
147
258
-428
213
-274
212
145
138
-273
464
16
83
206
-12
-11
19
-181
-197
437
0
-226
-367
-132
-474
-347
-80
-235
409
-369
320
371
-277
-33
420
-482
300
99
72
-194
377
51
378
-195
42
-176
172
446
365
121
119
-389
153
-123
230
326
431
131
-294
493
75
177
-477
433
189
266
248
346
-165
-365
-397
2
-58
-313
-466
6
78
-285
71
-402
67
-345
-81
-255
353
455
331
146
448
-354
-493
-21
-460
392
-267
195
268
196
-499
275
117
-426
-350
-232
242
163
81
-282
-219
478
23
-18
-150
-447
197
-88
5
209
417
456
-121
-53
348
-260
281
-93
77
316
291
389
-199
-83
168
490
327
296
-253
10
-346
-148
167
139
-215
-317
-240
-454
416
14
54
136
321
442
-439
-481
445
-172
-164
-162
475
224
447
100
190
-444
-495
274
429
-73
-86
-29
-422
-315
-264
-339
-496
-135
-64
-344
-39
-106
492
-320
-159
-41
435
-218
487
53
244
-403
-155
-201
-409
-288
468
59
-244
62
48
173
-330
-327
98
-102
-56
188
351
-85
465
367
-453
